time,x,y,z,phi,theta,psi,x_velocity,y_velocity,z_velocity,phi_velocity,theta_velocity,psi_velocity,rotor_speed1,rotor_speed2,rotor_speed3,rotor_speed4
0.06,-7.161353045624351e-08,-6.893503676041067e-08,10.002862375204822,6.282880310681744,8.338448559808143e-05,0.0,-6.749193299046462e-06,-1.5036269313035051e-05,0.09540857455341756,-0.017929020216956214,0.004033838075283363,0.0,436.0065552354008,436.34334701682786,435.45581943104617,433.95378132504976
0.12000000000000001,-3.857947604638987e-06,-1.302629708822318e-05,10.015307539267912,6.282007388102469,6.283023353565188,0.0,-0.0001308598459274288,-0.0005332577837842704,0.3193937330446564,-0.008525236735580668,-0.029971543853484345,0.0,477.1303174919571,474.52755988882313,473.07599572628476,473.799516899175
0.18,-4.6917682859283614e-07,-7.644106333645748e-05,10.041877091439623,6.281848418508696,6.281933576700261,0.0,0.00041403273393720024,-0.001619432204796066,0.5661679862629962,0.0070746901962712066,-0.0013662304558338771,0.0,480.4275372117265,482.59120262180323,480.62672404185184,481.80745140100396
0.23999999999999996,5.324305307870393e-05,-0.00020225625542643732,10.080900484503186,6.282167382713059,6.281673688807624,0.0,0.0013945459567847015,-0.0025323235967433387,0.7345183188586358,0.0015437234605047148,-0.011042534773996096,0.0,458.22484207004265,457.4551654745921,459.24144433239314,458.80249600229536
0.3,0.00017325908739207368,-0.0003764100473232445,10.129678687752518,6.282423757635772,6.281206751597535,0.0,0.0026674057501705215,-0.0032528841579487836,0.8913122045940802,0.009238216368298828,-0.0019505268865292144,0.0,454.5606949042457,455.288722427155,455.03864430580177,455.65402993274205
0.36000000000000004,0.0003766313948079476,-0.0005848566183630662,10.187200152810277,0.000511308542256117,6.280658782591708,0.0,0.0041399903383521576,-0.0035899184628313766,1.025958438934858,0.03818323407019911,-0.03010097102498025,0.0,449.1502346146272,446.8617117571638,447.9715826180337,450.31880828314223
0.4200000000000001,0.0006956481795491006,-0.0007772633348372391,10.255785129221378,0.0026445612873766677,6.278466777591252,0.0,0.006730870480104713,-0.0025536094802736603,1.25997812719067,0.02969731099641661,-0.05425702737247899,0.0,479.99724726669325,478.16012937525335,478.4382389288337,477.7922426383421
0.48000000000000015,0.0012239147034325518,-0.0008608616223878237,10.337139258316814,0.004402007952350573,6.27537163708903,0.0,0.011243199950385644,-2.9167837761590433e-05,1.451599878726568,0.028465196541880736,-0.04671839897979885,0.0,466.83397580017373,467.4201913068574,466.1826981831607,466.0866354191902
0.5400000000000001,0.0020873385597620906,-0.0007558492343865471,10.42922658851992,0.005868978979791883,6.272343038446181,0.0,0.01786022296034661,0.0037076984618809004,1.6177537204234111,0.014881620730557564,-0.059311714091688554,0.0,459.8901085315739,458.89005725181227,460.09508164320465,459.0185418764956
0.6000000000000002,0.0034583276634146346,-0.00037629797715273486,10.534656640968064,0.006821019992998778,6.268465226645976,0.0,0.028308112183239097,0.009059965352393718,1.8961559396758456,0.017769243231508695,-0.07824979069959032,0.0,493.4648852441726,492.06228861879777,492.5986630387509,492.8120113623749
0.6600000000000003,0.005524739911004783,0.000333787544407168,10.654483421254506,0.007933542641422875,6.264808545756505,0.0,0.04104057597998714,0.01473456918282837,2.0977136947616035,0.020044405778553643,-0.03911190188055704,0.0,469.82968845180886,472.85120665063323,471.45079140939436,471.62646012318675
0.7200000000000003,0.0084300024909913,0.0014101741015056174,10.786220144872141,0.009445486332192665,6.262236999292847,0.0,0.05607848326266053,0.0213013325425888,2.2931321340047974,0.033906028741347655,-0.051664070630301706,0.0,470.45790810431237,469.484116704228,470.22224724311417,471.2948539939323
0.7800000000000004,0.01224041656290864,0.0028915943522653752,10.926861296848434,0.011257524570392974,6.259276737752506,0.0,0.07124017938833559,0.028275121539095716,2.3946894249773796,0.021510970982227224,-0.04505092168503261,0.0,441.3784188882204,441.9222985253884,443.91654644479553,442.8985952741364
0.8400000000000004,0.017105792891132173,0.00486632319729912,11.077087397381504,0.012188072400399541,6.256488786425525,0.0,0.0912550271296982,0.037681078303126635,2.6123651640124854,-0.0005497660332121372,-0.04945653787292732,0.0,478.51059777077273,478.17399529504274,478.7592977120418,477.07780997483445
0.9000000000000005,0.02308324203879603,0.007351819253511997,11.23461588418919,0.012020047153673552,6.254010441399014,0.0,0.1082361975722274,0.045159174274940296,2.6385162784315996,-0.007731889385907305,-0.028624612433118167,0.0,418.4165514102116,420.2250857620676,420.3770873500057,419.75433442491646
0.9600000000000005,0.030081699247559286,0.010265292157715237,11.392362373361761,0.011310501269848672,6.252275122871501,0.0,0.12519251619269667,0.0519088036792012,2.6197380911005568,-0.02162081906415451,-0.02952332995908132,0.0,405.3176500652642,405.23654273237275,404.6440169587539,403.3918584040054
1.0200000000000005,0.03817175067554395,0.013584743496906616,11.550404618496907,0.009670771360021035,6.250555966277144,0.0,0.14463299653221692,0.05860768620421817,2.6482657418873727,-0.04230938868005102,-0.026965954732873852,0.0,420.73480928175417,420.95588286084404,421.1446610748624,419.35108839178696
1.0800000000000005,0.047651473522431625,0.017325058113486922,11.715983428838271,0.006809248106821819,6.248861349068591,0.0,0.17153851069737505,0.06574390488173026,2.87049131048027,-0.06153246672397979,-0.03092945581960705,0.0,481.0841582251608,480.783812171107,481.0751663567636,479.6161307543664
1.1400000000000006,0.058729088991621756,0.021408356473114766,11.893207971431858,0.0030927545395984524,6.247119023945084,0.0,0.1979007719197634,0.0699491885113753,3.0365604733414493,-0.0627721753607104,-0.025503296590457462,0.0,465.0759200731347,465.50051533744147,465.11216626519996,465.0124929494151
1.2000000000000006,0.0713576593732596,0.0256552464508997,12.078499885264545,6.282846757178067,6.245515905090803,0.0,0.22320112023467947,0.0712461162424476,3.1395520311252945,-0.04787456220257188,-0.029267033372703817,0.0,447.9448955321646,447.63856653811234,445.1572498787746,446.37234301002985
1.2600000000000007,0.08552634820218993,0.029912002092797763,12.269656575276814,6.279593161013949,6.243433755830468,0.0,0.24926829762519392,0.0703414867575628,3.2320701565937258,-0.07162495436930306,-0.048725845762835646,0.0,445.1178271249821,443.5219023469754,444.866834519581,442.91562313951425
1.3200000000000007,0.10163849464588358,0.034007806945564836,12.474637853074954,6.276094537371009,6.241057001700497,0.0,0.28812751481387905,0.06565003546427668,3.599535487880003,-0.040016383879100156,-0.02577826970872584,0.0,523.0797400785701,524.6747081336088,522.9631373860353,525.1580962580601
1.3800000000000008,0.11994904579424119,0.03776498814536305,12.697071160910811,6.2739121714054935,6.239441331979389,0.0,0.3223814526172368,0.059323009326401235,3.8142022636899306,-0.02993415661239914,-0.02933184519837104,0.0,484.6913192425253,484.4240679830279,482.5107682564102,483.27083917756966
1.4400000000000008,0.14014596158157513,0.0411375100232171,12.92767168023272,6.271958548377057,6.238309415984769,0.0,0.35097210834904335,0.052917319432094385,3.872274425760067,-0.03841043753737088,-0.003496087107777719,0.0,436.5268635734758,438.67757515665517,438.07479497306537,437.36892556022286
1.5000000000000009,0.1620967582545386,0.04408030381101749,13.162250854191688,6.269233892452146,6.238660347355381,0.0,0.38069608652991765,0.04493780149641897,3.9467706363336696,-0.0655389043645195,0.019956108716126977,0.0,441.90598102312083,443.8350485251226,444.86743683044034,442.6389426715915
1.560000000000001,0.185779228497123,0.0464970841816353,13.400408539547788,6.265292737037264,6.240176466154949,0.0,0.40858096476110123,0.03525411977835823,3.9916607877666443,-0.06598144848098013,0.03420142806040051,0.0,433.72537126726525,434.9203473397895,434.56124766779897,434.5208465229903
1.620000000000001,0.21110049305961184,0.04825866194578586,13.641214318119808,6.260910622579644,6.2424904334244005,0.0,0.4352457888093892,0.023083079684714205,4.035046227718508,-0.09339460542778283,0.04611146230530442,0.0,434.5139240774109,435.5120685308295,434.71070318608537,432.4026558245254
1.680000000000001,0.23804671848018263,0.04915900233176674,13.886421092026252,6.255261841972427,6.245581047403125,0.0,0.4626410874717721,0.006359930449823938,4.138143231047326,-0.0956926886524378,0.060563741190068264,0.0,452.0056751246958,453.1705780080707,454.3675541862156,454.17595755088695
1.740000000000001,0.26675715793578963,0.04879043658211264,14.142914025585547,6.249735719162299,6.248810116779209,0.0,0.4938870418932774,-0.01933378182528027,4.41060535312107,-0.08574944687521018,0.034801339120663986,0.0,504.99078726452655,503.13036056467774,502.96466520731633,503.6782207157186
1.8000000000000012,0.297024474955764,0.04698302057914347,14.408683308663758,6.244566615949498,6.2512115949502824,0.0,0.5148044986551688,-0.04138709202217382,4.448215226758487,-0.08696809350605504,0.048829009295237924,0.0,436.24021170196585,437.4109323102614,434.76511066930306,434.6566796681778
1.8600000000000012,0.3285830355605843,0.04364846306302098,14.679402233082161,6.239561023615284,6.253816280653949,0.0,0.5368302983575014,-0.07028610093688588,4.575236190202009,-0.0771508372378797,0.029450514094636455,0.0,464.8022925294899,463.28188089119,463.4351984074659,464.20088051476114
1.9200000000000013,0.3613054458891322,0.03863508583323934,14.954130193412883,6.234614531856417,6.255966209927431,0.0,0.5537365015792369,-0.09724505991656544,4.58231904888584,-0.09596427602253445,0.04624304805864777,0.0,425.92436928045174,427.35890639058863,428.7916191970918,427.18417634786744
1.9800000000000013,0.39512159015866777,0.03168555717429026,15.233838707206953,6.228714218242413,6.258954221765492,0.0,0.5731261451699574,-0.13501812857219286,4.740629675087122,-0.10356454283880305,0.05610221378658342,0.0,474.49444377418723,475.2521633318846,474.25069144886527,473.6588275486367
2.0400000000000014,0.4299852118677558,0.02244159948705541,15.521145808748807,6.22303246900562,6.262866377613943,0.0,0.5886058253412385,-0.17368987975416889,4.835850436804619,-0.08115474414465601,0.0790194718480885,0.0,456.212987260142,458.0422708415327,455.53894046387086,457.3199877592433
2.1000000000000014,0.4656435126170531,0.010915767127709725,15.81170555468757,6.218652597554604,6.2675863884862935,0.0,0.5995734852867084,-0.21091027037943033,4.849401278409493,-0.060312122104328084,0.07795254732345329,0.0,431.6393716568174,431.5544544860243,431.3009351249584,433.0534283790763
2.1600000000000015,0.5018557910391758,-0.0028410377064522108,16.10189085170113,6.215405220562964,6.271901632429213,0.0,0.6071184580485213,-0.2479410066519022,4.8235387640899425,-0.04397352930161884,0.055761318735547585,0.0,419.6279580078324,417.7010580665869,418.7255966838661,420.1425384848115
2.2200000000000015,0.538477157408592,-0.01904047439378528,16.393000328999896,6.213315603330123,6.274811656101203,0.0,0.6132803936084819,-0.2922445619781027,4.879855093553459,-0.020953384258087352,0.027174605797311763,0.0,446.7253215408602,444.38921757564503,444.5327989599775,446.4147858061316
2.2800000000000016,0.5754203835695567,-0.03796050326678548,16.68786898288459,6.212488817624413,6.276231647590539,0.0,0.6180052801001863,-0.3384998069200597,4.948788685504767,-0.0023248316407270394,0.015519159402358977,0.0,451.29563590361073,450.3538017580827,448.4285323242813,449.93950244387526
2.3400000000000016,0.6126277643338319,-0.059738267219620486,16.98785710458949,6.212005459201265,6.27702323347204,0.0,0.62214708786858,-0.387421571974361,5.050358322091351,-0.023123231902999364,0.008079883951602463,0.0,460.36173349078507,459.7725166389844,462.1627947484536,460.52046983536974
2.4000000000000017,0.6500547542224984,-0.08430333819083426,17.291665860614245,6.210133690693052,6.27735416557589,0.0,0.6253794728885703,-0.4315452255115147,5.076461542941999,-0.056773173135388266,-0.0001822748566389868,0.0,438.163478218028,437.4758725503369,439.7728885880167,436.97572369571157
2.4600000000000017,0.6876924927048096,-0.11182968905795126,17.600725681557353,6.206801406957043,6.277412062775779,0.0,0.6292044046608521,-0.48631735987616964,5.224820220008191,-0.053176587235501276,0.0031661769238009105,0.0,475.60435490451454,475.8607579145355,476.0657307293646,476.3390242394786
2.520000000000002,0.7255456081791269,-0.14255472036797565,17.91659746091351,6.203624386420195,6.2774195866843705,0.0,0.6325524663111554,-0.5381366249731174,5.303831807877362,-0.05250181606034317,-0.00678129986283155,0.0,457.1568963277691,456.36346652939375,456.2416599850673,456.2937851100231
2.580000000000002,0.763589888319353,-0.17629193016682446,18.235215149097726,6.201251250652643,6.276862610523251,0.0,0.6356322296782941,-0.5866711200523189,5.316657400419809,-0.021611005579630277,-0.014825498059674366,0.0,436.7442548884482,436.07281330472614,435.37814084892403,437.9544136380277
2.640000000000002,0.8018101659217314,-0.2127240542315942,18.55150439946358,6.200274742923174,6.27632930496703,0.0,0.6384309302969621,-0.6278512794272203,5.226708053002299,-0.00730861693221927,0.0009197958881943897,0.0,401.18366949846495,402.611149196583,402.05502256454804,403.3490462159121
2.700000000000002,0.8402125977427576,-0.25174731186855953,18.86368402048448,6.199502222670191,6.2766389018677415,0.0,0.6416348049307854,-0.6729901930165744,5.179473684000767,-0.027358197925400805,0.01251936965235843,0.0,415.48476426996933,416.50060053303815,417.04782562108267,415.2926632869842
2.760000000000002,0.8788220155256934,-0.29378667530114627,19.1764844214291,6.197972569569192,6.277646979521361,0.0,0.645254884325356,-0.7284522367647693,5.246865200523753,-0.02200549470552098,0.024223241754829972,0.0,452.8942026645679,453.8346380032537,451.9525144068366,452.3836861128786
2.820000000000002,0.91764451684645,-0.33948376299254696,19.496828422114667,6.196272867208052,6.279066815217785,0.0,0.6486565015489201,-0.7948809002104211,5.430374557358511,-0.04561762972543,0.02252128767393035,0.0,488.3166569913524,488.1896684928175,488.93968038796135,487.1768971647102
2.880000000000002,0.9566113058755892,-0.3886098578349064,19.821300137348203,6.193910431926843,6.280106811563911,0.0,0.6501360971583053,-0.8428811548892007,5.385523864133983,-0.02914944683041434,0.00414334495377566,0.0,420.89891389525957,419.3050258226983,417.62724931988987,419.06051396468916
2.940000000000002,0.9956620859967208,-0.4409464619320816,20.14634865816231,6.1925102722954115,6.280927380876623,0.0,0.6514980401601345,-0.9017996071699306,5.4490847355066645,-0.01369948433530661,0.02799910682168691,0.0,453.21135226515923,455.1249452716197,452.7991551231364,454.04049873386276
3.000000000000002,1.034768157904104,-0.4966019066016216,20.472551566076422,6.191889816421032,6.282869755900414,0.0,0.651882170663481,-0.9534589522448806,5.424438892501395,-0.004351973613380708,0.0399323200117089,0.0,425.74987512685783,426.7702718289698,425.94161660994155,426.74053503949165
3.0600000000000023,1.0738611918313012,-0.5554722235650729,20.798420620907752,6.191990305950915,0.002404551800961663,0.0,0.6509848128521438,-1.0088929750662823,5.43778120621674,0.011606802801880388,0.05439459238589693,0.0,438.5239722385728,439.72506699654446,437.12265062742017,438.45074878826335
3.1200000000000023,1.1128404629735935,-0.6178826843952174,21.12746631008493,6.193051181555006,0.005714255578125105,0.0,0.6479886501875068,-1.0713354771460148,5.529956147575273,0.027677397638984847,0.05665291010431952,0.0,462.47143693066783,462.6512207446031,463.25536292661934,464.5174365415454
3.1800000000000024,1.151574216014281,-0.6839691381235283,21.461507117029946,6.194433532979984,0.008927121599294097,0.0,0.6428081656836934,-1.1313754203643953,5.604372475518498,0.011613447890078071,0.046477168207116525,0.0,457.57483214191484,456.76568683849644,460.8934481583994,459.6218889224025
3.2400000000000024,1.1899563309726586,-0.7534315285073476,21.79770799319948,6.195532784586806,0.011569321684544498,0.0,0.6363557343559388,-1.1839720115641268,5.602325780338275,0.029167175861332825,0.038646186842084054,0.0,435.9653472716235,435.3115481972981,434.46767635145727,435.9371770666657
3.3000000000000025,1.2278703106406361,-0.826283920837817,22.136682446208408,6.197384742639157,0.014292657349784577,0.0,0.6271890253405651,-1.2442343502149686,5.696355624180744,0.03406321379475926,0.05627971363697255,0.0,464.6447884131881,466.0264435233955,465.33058353126347,465.71403309321727
3.3600000000000025,1.2651839742194502,-0.9026603087997266,22.480643385537334,6.199532545130538,0.01776929813598116,0.0,0.616265531080379,-1.3014273461907007,5.7686501893863005,0.03905528601238964,0.06107930412883796,0.0,460.1430522286333,460.5251093974845,458.98770639107056,459.3843133394302
3.4200000000000026,1.301758383349201,-0.9824847695339461,22.829624970935292,6.202408179386037,0.02089626969232139,0.0,0.6025289063165619,-1.359100405608578,5.8635961626958535,0.06147697173741116,0.020427132063673088,0.0,469.3017835597817,466.13652512608246,466.1239316565234,467.8743841404766
3.4800000000000026,1.3374430628549887,-1.0657497987806015,23.1847922260776,6.205831563675513,0.02159858502400258,0.0,0.5868616315729033,-1.4160084260939967,5.974755242542575,0.046299804612775206,-0.01812392598180746,0.0,474.340309947071,471.36993816219444,474.0261058293398,472.8601340459046
3.5400000000000027,1.3722463710684814,-1.152138770147784,23.543683853054667,6.208303492385575,0.02023738764230565,0.0,0.573363956811326,-1.4634055116541311,5.988235599907982,0.028300080160940433,-0.033879465197865465,0.0,444.32475704568805,443.03085372242947,445.7307028724316,444.257816399128
3.6000000000000028,1.4062871393752518,-1.2412670738786755,23.902473692241635,6.209869174634738,0.017947265079222063,0.0,0.5615160548303265,-1.5074276124263362,5.971509488548573,0.02127311320820597,-0.04853448145494339,0.0,435.96703159190747,434.73976229265696,434.56990065560996,433.98050506508304
3.660000000000003,1.4395890652622325,-1.3333161551903892,24.264365303602496,6.2111367101626165,0.014914922188430602,0.0,0.5488793056862805,-1.560716597486926,6.090898983439121,0.0208289322021244,-0.054882503356554514,0.0,476.6664442560342,476.1795514298051,476.9452420581533,476.91127123374537
3.720000000000003,1.4722204248305677,-1.4284403727287713,24.632032621235656,6.212442174741312,0.011311239937522366,0.0,0.5391824911231781,-1.6099590274470112,6.164270352930427,0.023553337122604073,-0.07321402923359638,0.0,465.0503259620885,463.6094230613167,463.9670557012895,464.18093417810286
3.780000000000003,1.5043303722278887,-1.5266075689468044,25.00566602616928,6.214074319405469,0.007371255290467005,0.0,0.5316024717032267,-1.6620943169206472,6.289479115376973,0.033650083899435766,-0.05373842474553707,0.0,479.2432430349812,480.71859136111107,480.5503957237026,481.31540193409825
3.840000000000003,1.536099295536928,-1.6275496302851062,25.382147855490928,6.216221766996783,0.0038047287868412383,0.0,0.5276456631087948,-1.7025064440362874,6.260079532263277,0.039760185714707914,-0.07440126193584903,0.0,435.74874837701617,434.0148306286062,433.4732351044646,433.9871120776445
3.900000000000003,1.5676966368195078,-1.7308680639024026,25.75661687992714,6.218957410232967,6.282152443063217,0.0,0.5259823073453086,-1.741273921540392,6.222434242293954,0.055257280725644016,-0.09752202118532338,0.0,432.96198057917417,431.00614383130676,429.89588333973984,431.20857985683745
3.960000000000003,1.5992794235510854,-1.8364498234665427,26.12852899901928,6.223894030082352,6.2760926804827495,0.0,0.5272630832012143,-1.777820022252025,6.1749217771846485,0.11068947820018317,-0.10904419259619984,0.0,428.40609263099225,427.4156720148552,424.8364667600974,429.5689456334361
4.020000000000002,1.6310713632483458,-1.9443576725799574,26.501258726361634,6.230437072659644,6.269710490845455,0.0,0.5331066968284112,-1.818483522752461,6.249048565359904,0.10555660933362963,-0.1014997091096741,0.0,464.6182550831225,465.20010392986296,465.7813161806548,465.3895222615785
4.080000000000001,1.6633502622646024,-2.0546202053814455,26.879117346003422,6.236557528319091,6.264023471703116,0.0,0.543449908889217,-1.8563186935410656,6.3457503691390285,0.09375532600885292,-0.08393218334170768,0.0,471.5579692632246,472.9061407787961,473.67080944276955,472.77046717702956
4.14,1.696281750235157,-2.1668512447778663,27.258683392601124,6.242020171237147,6.259130927914619,0.0,0.5546792371481281,-1.8843163856227478,6.306712564408375,0.08498464275729282,-0.07714911058180428,0.0,431.39812887631706,431.9650299019456,431.76183627723134,431.0282584708249
4.199999999999998,1.7300974763707992,-2.280892851777707,27.641151078367443,6.247076393795403,6.254824441751168,0.0,0.5729725892779094,-1.916536430538412,6.441489615617906,0.08280312972590323,-0.06275733582058499,0.0,482.8014451695599,483.88269202728156,485.4684020367219,485.3098074108962
4.259999999999997,1.765028326010767,-2.396677586913045,28.029194842977756,6.251588648711763,6.251377992774895,0.0,0.5917228872891556,-1.942526511798719,6.4930457095781415,0.052226709942789495,-0.048504599824406254,0.0,460.4284376451588,461.55270805574975,462.307588997844,459.89546675849533
4.319999999999996,1.8010836960394454,-2.51388759896143,28.41836132222364,6.25453688151152,6.2488333715429345,0.0,0.6103563303154649,-1.9642465877410409,6.479268181437726,0.04210713574923021,-0.03238919382597997,0.0,440.0635794881724,441.39479698933434,442.1642871047427,441.33111239500755
4.379999999999995,1.8382093748354307,-2.6322855392335924,28.80414505287041,6.256999850966082,6.246632354535606,0.0,0.6273346546559335,-1.9822126828826712,6.380766347651909,0.03884618342269844,-0.0470649056453986,0.0,414.0953132024937,412.8011787002111,412.98986427078046,412.7030867626065
4.439999999999993,1.8766520840848862,-2.751913350704515,29.191127230929364,6.259958233757136,6.243572665121787,0.0,0.6543746319085868,-2.005098244613526,6.517869757679522,0.06466579791113729,-0.06031441146696568,0.0,485.84293704851984,484.8468482258881,485.0108663030844,486.9477714413962
4.499999999999992,1.916592824364295,-2.8727418777498896,29.58151682959113,6.2637979228655105,6.2398237071980365,0.0,0.677298504412637,-2.0222311081827,6.495269004543505,0.06261858322968428,-0.06721359641774104,0.0,438.5709907555466,437.9945442855095,439.04540313007647,438.87851996478616
4.559999999999991,1.9579632779912484,-2.9945352912357777,29.970307762853135,6.267736917293686,6.235746060318849,0.0,0.7020609439242005,-2.037265496755496,6.464622413198263,0.07110905100308841,-0.06949785327294201,0.0,435.61625155272276,435.42157191148686,435.55752888825396,436.2704647583627
4.6199999999999894,2.001034269846146,-3.1172143615093195,30.36028897025246,6.271761321289652,6.231654514574075,0.0,0.7340232298026919,-2.051657474919403,6.534368079119759,0.057452401514881776,-0.06570288569631894,0.0,466.0507140158504,466.3440348235616,467.54913867270494,466.4867798919427
4.679999999999988,2.0461953498948513,-3.24070532545588,30.75621609550128,6.275331329669484,6.227459325922688,0.0,0.7717374226799841,-2.0643553199698186,6.662463024411294,0.06330819078292874,-0.08006833129590829,0.0,486.23812670268603,485.1571596228031,483.34182072310966,483.78519635607114
4.739999999999987,2.093308389381539,-3.3648342511871907,31.152693883979147,6.2796365387441675,6.223054764079498,0.0,0.799060369824832,-2.0730185199379,6.554109595005649,0.08479059215577425,-0.06263170073446378,0.0,412.17710754898945,413.7108781569403,410.0121970557235,411.92114868660286
4.799999999999986,2.1421806637933027,-3.489426881440821,31.543639581650485,0.0011088120333990759,6.219290596939027,0.0,0.8303283122628393,-2.0797278198034435,6.477877066203467,0.05676200553446303,-0.0629456791360382,0.0,421.6615608214013,421.63135079001563,422.2700254444469,419.8494511184541
4.859999999999984,2.193159694904687,-3.6143558924895625,31.932687526655084,0.003931175118525587,6.215105134364045,0.0,0.8693164490129315,-2.084299077899841,6.490312594665396,0.0068070112821266605,-0.08905169054008212,0.0,450.6997245859456,448.58035814264116,450.5167408013831,446.45938428884136
4.919999999999983,2.2464219939425942,-3.7395297805440695,32.32050345587904,0.004757101197272462,6.209610441216,0.0,0.9065417350921888,-2.0881182965703564,6.437137384185166,0.024941517188267703,-0.09717760013202417,0.0,428.72787467852436,428.02928683182813,427.30152784024426,428.8449870568747
4.979999999999982,2.3023274966587457,-3.8648967243733034,32.70943911575058,0.0058657995140372066,6.205266388340828,0.0,0.9574219069407633,-2.090657000009893,6.526822533508962,0.0006254427443901991,-0.04529786986552143,0.0,470.61820916967935,474.6127735272023,473.07643162226503,471.199920888563
5.0399999999999805,2.361200930108156,-3.990411995030487,33.101674944556066,0.006452480138729122,6.20289126617333,0.0,1.0052374122550127,-2.093158401958601,6.547545212819616,0.023661373231837146,-0.0300902829331067,0.0,451.8922601467824,453.1159479007214,451.5668293838397,453.42163133389954
5.099999999999979,2.4226346531718264,-4.116092858400623,33.49084228557437,0.007492250198821715,6.200965144113233,0.0,1.0427311382492488,-2.096119816350667,6.425380401271414,1.7337585816665224e-06,-0.03646314340523483,0.0,406.03834740094214,405.46556133146254,407.1270269772807,405.0039788642854
5.159999999999978,2.486609512534096,-4.241917583109137,33.875880370003,0.007758859233951476,6.198300588441661,0.0,1.0899607011396992,-2.0980273152553455,6.409270212081529,0.012106425880594627,-0.06925546499558999,0.0,441.881199113724,439.16750252375664,438.5438459762149,439.54832619958756
5.219999999999977,2.553524822152922,-4.367845789654534,34.26059710440319,0.008401550584768103,6.193765840595221,0.0,1.1409177576488019,-2.099525089605527,6.414529686649781,0.00776462015565035,-0.09286042572283129,0.0,447.04239821609815,445.1096186286277,447.0997094592534,446.7456200804623
5.279999999999975,2.623944857061952,-4.493820297130032,34.64962083188261,0.008505389979579725,6.188021443363061,0.0,1.206945153045468,-2.0996005195056675,6.552044613507871,-0.014451102870760475,-0.10222510991923632,0.0,486.75304441641936,486.044587117157,487.79817277448575,486.13602086721454
5.339999999999974,2.6981064082673916,-4.619832446659623,35.04329673461479,0.007717140656149368,6.18225424426573,0.0,1.2656192562823074,-2.1008770674154444,6.570266067634333,-0.010631868804534943,-0.08608803357265729,0.0,452.308801579063,453.5990226882464,452.1610560039263,452.46882881119996
5.399999999999973,2.7757836050807145,-4.74594222830999,35.43702077388495,0.006984578430825117,6.177237460854823,0.0,1.324049153984696,-2.102837984451242,6.55385856082549,-0.015567315055199971,-0.07907590194525212,0.0,441.10457653239143,441.6776294164117,443.1214110991008,442.7155258224652
5.4599999999999715,2.857336474284721,-4.8721639253466105,35.83242152259738,0.006521721928471891,6.172220582803776,0.0,1.3947954465345234,-2.1046186949266685,6.62563090463883,0.004602047479407911,-0.09472645320553709,0.0,470.4451686379402,469.2260807346201,468.40971955733687,469.97605971898
5.51999999999997,2.9434095234779245,-4.998487324195138,36.23367644995777,0.007125063906894269,6.165937895770341,0.0,1.4748118674532043,-2.1061234299539042,6.7486756250205735,0.019189811630964365,-0.1516354703665819,0.0,488.41118606642107,484.13667143091385,484.6812981007998,485.77654434077937
5.579999999999969,3.0342060258518795,-5.124897801352536,36.64041464224034,0.009870805909733882,6.157312855858899,0.0,1.5525332786872315,-2.107366500446461,6.808742518068018,0.07392904753493312,-0.1314070595206142,0.0,467.43575642024535,468.99141228541447,467.29265621517595,471.5422439301042
5.639999999999968,3.12938367704209,-5.25136158509712,37.04725904738967,0.014331068414916714,6.149699937134834,0.0,1.6206991423067885,-2.1077656787221786,6.752966443989381,0.07514230332687746,-0.11910212223889621,0.0,433.6544584424298,434.6719246344358,432.7226901715124,432.8293169490405
5.699999999999966,3.229448722109864,-5.377707473159769,37.45574989765588,0.018515554525239786,6.142597176274865,0.0,1.7154344517324915,-2.1033480165253824,6.86259064348293,0.055842140780555855,-0.1169729326642185,0.0,483.87468803055083,484.02364985822754,485.08171216546623,483.6330515067275
5.759999999999965,3.335274827001532,-5.503718720681625,37.87031141300483,0.022127677225422637,6.135766332265163,0.0,1.8126996877680739,-2.0967060626307545,6.955394990883415,0.0677389708209771,-0.10823756221443323,0.0,479.8899356031897,480.54218195277184,480.9363117330516,481.83899272058324
5.819999999999964,3.4463115697646005,-5.6293745804968065,38.28534298407488,0.027059830552265574,6.129787333380683,0.0,1.8890455850808323,-2.0914879205777126,6.879343119045879,0.10157519480942212,-0.08644439755914257,0.0,427.3935481821513,429.23825429005706,429.33525547255755,432.2026604983721
5.879999999999963,3.5620644013211833,-5.754633189052423,38.69611797650746,0.03326272497662952,6.124444594709487,0.0,1.9698298026496714,-2.083343034253014,6.813465109704912,0.10676685678171752,-0.09483023348383547,0.0,432.27965003557944,431.56531932501144,432.07265713140293,432.51985885212144
5.939999999999961,3.682530915815124,-5.879357123048149,39.10159556532605,0.039811602185005235,6.1189480919275105,0.0,2.0461996981671695,-2.073670004305034,6.703023058908001,0.11352551730517922,-0.08584223200894768,0.0,415.12304805691235,415.90349017181404,417.1449810424311,417.7462457495995
5.99999999999996,3.8081200203007874,-6.003296842096967,39.50323654781695,0.04645850729390588,6.114236009133862,0.0,2.1405061677998223,-2.05711029857997,6.685003440126946,0.1046418268813915,-0.06691329017531074,0.0,445.1491097502717,446.69072328549413,446.07173547521614,445.3562894653446
6.059999999999959,3.939299823362535,-6.126174645902845,39.90297105804977,0.05294418902750753,6.110992789433375,0.0,2.2324489572040336,-2.038313408333417,6.639653288582342,0.1142289488095548,-0.03620244794131122,0.0,435.56868411969964,438.12787531867735,436.7093721675403,437.5189695353469
6.1199999999999575,4.076499035841093,-6.247678192459899,40.30261706208298,0.060129205437672084,6.108575681534049,0.0,2.340984524524122,-2.0111854901918136,6.681544805645072,0.12897210662140507,-0.05004480678380877,0.0,464.3988986877552,463.31078044991034,464.0620711479886,465.23027676402285
6.179999999999956,4.219840775796377,-6.3675625593920016,40.702448108687115,0.0681891186200545,6.1053191501186035,0.0,2.4373228261318003,-1.984324476561794,6.6462737621557375,0.14332437547509494,-0.0644663417184005,0.0,441.0079739221488,439.81277822022855,440.1542629067035,441.3573983768068
6.239999999999955,4.369430455000197,-6.485542705308651,41.10246238527308,0.07652106164470318,6.1013139762723085,0.0,2.5492769437280196,-1.9476014094536394,6.687154662609972,0.12800404873045612,-0.07176785264720636,0.0,465.2331166210327,464.65780546728763,464.5673677554792,463.3811140898016
6.299999999999954,4.526069977902449,-6.601057951754053,41.50632993976073,0.08490184489233421,6.096940280083457,0.0,2.6723265399912086,-1.9021629490285887,6.774392404299328,0.1563255734338764,-0.07524880404523539,0.0,479.18189779495543,478.91344332762145,478.56196856185625,480.7293825145531
6.359999999999952,4.68969839233651,-6.7138932172979535,41.91290607849066,0.09418861381496946,6.092779604366605,0.0,2.7822755004741966,-1.8582236512088455,6.777957580944641,0.15149714839177922,-0.059586033772897874,0.0,455.1749038110495,456.423351542617,454.5260985497311,454.1609285297935
6.419999999999951,4.860303532176539,-6.823774659680191,42.321312542288496,0.10336217284759464,6.089667437243143,0.0,2.9047487649977066,-1.8036737347446279,6.835067148693367,0.155543785012073,-0.03972754826862161,0.0,471.4434141408131,472.97401370224463,471.7691441841287,472.1021043087735
6.47999999999995,5.037966403870283,-6.930386895044122,42.731420392943264,0.1129182396885744,6.087277326978718,0.0,3.017484913569033,-1.7492605278722944,6.835043188006068,0.16582573152632915,-0.040051234168704694,0.0,454.8882931845192,454.86159934969936,455.4689113569845,456.31397322771033
6.5399999999999485,5.222321244084045,-7.033624953535992,43.14099582095686,0.12265225129124424,6.084651760370086,0.0,3.127834663697818,-1.691177544661853,6.817413502748653,0.1538683645488699,-0.0524556487924762,0.0,450.0560946344167,449.04961509008575,451.1314554358628,450.1892219245252
6.599999999999947,5.413824243566948,-7.132912002885066,43.5519134030406,0.13159601738907423,6.081294564630632,0.0,3.255751454573452,-1.6175739028012743,6.879221549578919,0.13713061660361148,-0.06406936582321955,0.0,476.64995868038534,475.759425523994,474.63032063952846,473.36285216788616
6.659999999999946,5.612517001046896,-7.227960195684196,43.963901064241185,0.14032794242597824,6.077300536747716,0.0,3.3676117942308013,-1.5499766391281642,6.8536043601870755,0.15850930868281243,-0.07209702121471442,0.0,450.01060467184465,449.3568760453406,447.4841726728624,449.2408148730353
6.719999999999945,5.818216078014005,-7.31863888707295,44.37545203613918,0.14937273252899264,6.073409307033057,0.0,3.48927867673184,-1.4718381384194053,6.864400945737222,0.1269430023745082,-0.053313679047145734,0.0,461.32975017394426,462.8078509613539,460.9197265713123,458.43744698909836
6.779999999999943,6.030175903894738,-7.405238446860983,44.78256463238166,0.15718378945633216,6.070285429249292,0.0,3.576352730902988,-1.414168318024329,6.706753991586565,0.13597986090528702,-0.049677613230953946,0.0,404.55375274871705,404.87907791732147,405.0282700826851,405.8577013629815
6.839999999999942,6.248636729639808,-7.487356417052802,45.185906198477014,0.16606568638374863,6.067071265324625,0.0,3.7058005795050266,-1.3223423420355656,6.737460178813902,0.1650631756102831,-0.06278029216551978,0.0,467.1707348156703,466.14590230248376,465.13585042034225,467.42729424397993
6.899999999999941,6.474302033990182,-7.564252210504814,45.58833137525599,0.17604732183506577,6.0629845145797425,0.0,3.816647129456339,-1.2400190751833107,6.676753738118972,0.1688334698315754,-0.08177793741134155,0.0,439.68730986644954,438.1064217661043,437.0887359902407,437.42984637557146
6.95999999999994,6.707569432336764,-7.635337527410286,45.99102017542368,0.18622756216610892,6.05870521091404,0.0,3.9591537922102247,-1.1285988548812946,6.745340640819222,0.171292375584385,-0.055969452688627484,0.0,478.7719395819389,480.72824343868564,478.82497535139765,479.03734942137277
7.019999999999938,6.948158278562944,-7.7005867580782255,46.39223699441023,0.1965400874604617,6.055770845857607,0.0,4.060720165819496,-1.0455233828606738,6.62892953078962,0.1730151262677854,-0.03759665826779734,0.0,419.3420690904085,420.93377120654293,421.3884476483198,421.5675050896359
7.079999999999937,7.1951781382430156,-7.7604272397395535,46.7877871145776,0.20723256151776237,6.053926501956857,0.0,4.173380267139408,-0.9482636514093462,6.556164443896228,0.18695926490320522,-0.019696308237385378,0.0,433.5006699220569,435.00224350456233,435.10135393029645,436.29864001196086
7.139999999999936,7.449096357098699,-7.81413489715162,47.179507712918756,0.2192279249067557,6.0524615496910315,0.0,4.290577740626303,-0.8409958801014161,6.501153481454756,0.2178588088131322,-0.03609439476201887,0.0,441.5622528969942,440.2069058133515,439.34728244847554,441.9408499314717
7.1999999999999345,7.710804760132345,-7.860495769421638,47.57102284223113,0.23195177584426574,6.049797184368494,0.0,4.4330156928752915,-0.7032293887999843,6.548557689012685,0.19680664232793402,-0.07142225680645935,0.0,475.1496325013238,472.43150472684647,475.1611678237566,473.5849464555037
7.259999999999933,7.97953265217667,-7.8998658410697145,47.958946622212075,0.24359629047576536,6.045449886569655,0.0,4.5249283234054865,-0.6081535566402615,6.382760390418247,0.18797162665154088,-0.07460353311664172,0.0,404.0396790945712,403.74803201230884,404.03916413880137,403.28245743607874
7.319999999999932,8.254823464815914,-7.932362205225727,48.34092350629958,0.2552573784156067,6.040716086110249,0.0,4.6516774001481975,-0.4741023638492273,6.349384345589254,0.20474761357141652,-0.08926934709898554,0.0,449.6147855697667,448.4196884966781,448.24172623614385,449.6394330342866
7.379999999999931,8.53739282745446,-7.957007809582628,48.71932495066523,0.2680151063760521,6.035283268928911,0.0,4.767646173188018,-0.34640100500451626,6.263845699752867,0.22496185823638076,-0.09323107137044151,0.0,432.42011036548706,432.0790231108299,431.4214729117758,433.17077009589434
7.439999999999929,8.82696658811262,-7.973805530513553,49.09246718712187,0.28118991331944265,6.029695409660551,0.0,4.885165390173005,-0.21245469921490426,6.174038814004611,0.20577145683948123,-0.0929317145546648,0.0,431.78910729951497,431.80676394749344,431.4140743749557,429.8392590903161
7.499999999999928,9.124988058247544,-7.980930559561242,49.4650745852071,0.29371050154064626,6.024173498910651,0.0,5.049089108095968,-0.024053798782771835,6.244870514058256,0.21392317973123723,-0.0902914674634367,0.0,484.1301796793557,484.3224729745315,485.00537316033177,485.6561079573886
7.559999999999927,9.431462346272118,-7.978108232882745,49.83654749870515,0.30705943922484913,6.018851186033128,0.0,5.167044519928439,0.1191690939853217,6.1373932845726715,0.2356422841259564,-0.08570977662622736,0.0,427.82382951799843,428.2069835992631,427.7421785503281,429.6386958721806
7.6199999999999255,9.74556409283481,-7.9659308794014265,50.203240339741185,0.3211515330330075,6.013496486112803,0.0,5.303262334324773,0.2878434966080736,6.085078641753595,0.2332766413473758,-0.0974606121669478,0.0,448.1110047331191,447.1478425026238,448.6075314655054,448.4697765281887
7.679999999999924,10.06858919383904,-7.94261375525845,50.5690437881095,0.33563372444363715,6.007150897238528,0.0,5.464471316674077,0.4904715285487108,6.1071080006919445,0.25396228773876617,-0.13266644131642547,0.0,475.051604270165,472.3338131129618,474.27646409077136,475.91644496367127
7.739999999999923,10.400547141449806,-7.907851031947369,50.93325284236846,0.3505129046805342,5.999164610754784,0.0,5.601259322742928,0.6693809978857999,6.032453365232689,0.2320719459023474,-0.13399518684928044,0.0,445.5426233598055,445.4176812093953,444.9566878260456,443.2216170054852
7.799999999999922,10.7411895650696,-7.861688569853557,51.29405821724467,0.3646264556499963,5.990746210115265,0.0,5.753922169224826,0.8703349845798711,5.993314282793711,0.24087598530721155,-0.15752516047433932,0.0,460.2176013594661,458.3327800199917,458.0301997181386,458.78320089912495
7.85999999999992,11.090918306214432,-7.803473647223831,51.651769482346644,0.3796682850057467,5.981526744487391,0.0,5.904228563684394,1.0711442149287809,5.929346946711436,0.26532395525033015,-0.14687691184314888,0.0,451.9512498451342,452.7870020920247,452.40617711333056,454.431698372896
7.919999999999919,11.449475543415192,-7.733353170142983,52.00456439328518,0.39539812120581974,5.972375668118119,0.0,6.048172634691049,1.2672488120438103,5.829615297724471,0.25496518633126375,-0.1672371647557466,0.0,443.05618733990843,441.35605316611026,443.6833921682299,442.90117381843174
7.979999999999918,11.817654623297114,-7.650205902655639,52.35370248842541,0.4114688505878501,5.962455700216708,0.0,6.224957202912332,1.5052528711281157,5.806691458260269,0.2856918533299928,-0.1617774814149184,0.0,471.94675566341914,472.3437305778251,470.4437252268212,472.88393783450783
8.039999999999917,12.193913104477133,-7.555746702142992,52.693945389102375,0.42837131311670085,5.952774771939858,0.0,6.317633931254379,1.644518874079859,5.53501476187959,0.2722570070798938,-0.160506069633026,0.0,380.88047654317575,380.97258396443334,382.6623119332516,381.475208941615
8.099999999999916,12.577031126761282,-7.451287456828422,53.02102030532474,0.44416142613073717,5.942866456756416,0.0,6.453493019766754,1.8384275539649786,5.3668253904149825,0.23057465855026119,-0.1765279604800808,0.0,423.5317341312627,422.1231569700646,425.12895348308234,421.6123494589794
8.159999999999915,12.96926967665256,-7.3339700040753675,53.340045533838676,0.4577041020556285,5.932731656538142,0.0,6.621599403506935,2.072813796289827,5.266088681303009,0.21360690143321312,-0.15690992439189802,0.0,448.93557350568136,450.4977430436384,451.82799995314963,450.50702070941304
8.219999999999914,13.372326242314841,-7.201684169606803,53.654346983195666,0.4702078618048944,5.922859123399444,0.0,6.813938785398732,2.337178601049838,5.208987112851303,0.19516002043614486,-0.18765583378529038,0.0,470.7198979966281,468.3086710518036,469.9309872695528,468.5383975877492
8.279999999999912,13.785714268464192,-7.054995783197703,53.961871851052734,0.48147858363630647,5.9114688649964044,0.0,6.9662047116429635,2.55291716142535,5.040972667636102,0.1663101653727712,-0.19459511441865743,0.0,431.5953588249582,430.9727360373064,433.7922844016278,431.39665264732025
8.339999999999911,14.208870977679217,-6.8946577765408845,54.26032059737483,0.49114937088515287,5.899404426805596,0.0,7.139525108278799,2.791901046899226,4.906126692450459,0.14820287735504786,-0.21894469717033652,0.0,448.20132681760686,446.1771625568093,447.7898004351027,446.3382081599569
8.39999999999991,14.643257904140711,-6.719106978565942,54.55200021764087,0.5000506211423525,5.886318548868189,0.0,7.340554801416255,3.0597111013699068,4.8148499964092055,0.14865468783296582,-0.21645905498158738,0.0,467.5942168945387,467.74342653150234,465.73045694390294,465.78535138226295
8.459999999999908,15.090412824362096,-6.526816787825718,54.839123433394995,0.5086171279598775,5.873255564991432,0.0,7.56501773930447,3.3496913977635225,4.753894868923761,0.1271949306902957,-0.22035262924734275,0.0,481.94008482735364,481.6027434886397,483.1077035553845,481.5033757116993
8.519999999999907,15.550492618324137,-6.317889039495585,55.12093870927134,0.5169706332201187,5.86008298096494,0.0,7.7714063453273905,3.6143207807681828,4.638321430125022,0.15623561326844548,-0.21797404419438882,0.0,466.77368788280387,466.91417554052504,465.507069720376,467.791175648493
8.579999999999906,16.02209016320109,-6.0941658037748185,55.39366986634332,0.5263723450907865,5.847530697765766,0.0,7.948966398878779,3.843131637023972,4.4516190800190145,0.1575977210980302,-0.19579262088587304,0.0,442.40312500991377,444.18267823364397,443.0221242613007,443.1574722740205
8.639999999999905,16.503946950575134,-5.857226280461436,55.654099071513734,0.5353053900197864,5.835587858960192,0.0,8.113342034742985,4.0549421438527276,4.228576239823033,0.11920271879623286,-0.20650006481964822,0.0,431.90082432538276,430.9561787180557,432.5063076358327,429.2796288617381
8.699999999999903,16.994577344192653,-5.608816246340443,55.898902491668636,0.5426985435881546,5.82348593635086,0.0,8.241566780990464,4.225588036460586,3.9314394142576945,0.1302312475156427,-0.19351579403393032,0.0,401.0995182848235,402.2327095131362,399.58973300197846,400.60977921908636
8.759999999999902,17.495490800671263,-5.347548201804958,56.13012046746305,0.5506178062337579,5.8118383040858,0.0,8.45570449640407,4.482968283425257,3.774405745047637,0.13528422391639064,-0.19537685774364183,0.0,461.12197799018367,460.9395953917131,461.0829724999614,461.4974263779069
8.8199999999999,18.008515694503256,-5.07169948967508,56.35035747508603,0.558400663325771,5.800966011491408,0.0,8.645327914589567,4.711760957390116,3.565842690297095,0.11524059582534099,-0.16211495203558196,0.0,441.5075514394694,444.21140445848596,445.6444400410015,444.0175771736884
8.8799999999999,18.533378430297866,-4.781738641306634,56.558586017513534,0.5651247628346994,5.791046983564527,0.0,8.85011421953115,4.953218945725147,3.374061293680238,0.10482622138075492,-0.17263385552850594,0.0,453.6027352155393,452.73124852337025,454.1432651723452,453.31764829273396
8.939999999999898,19.069816510608174,-4.478088257989048,56.753974049332214,0.5713533367559611,5.78083865082024,0.0,9.031300459523369,5.1681629937899904,3.1381962320409422,0.10169635902474354,-0.16557130843305967,0.0,437.66379659758707,438.223209204696,437.4149589251513,437.1636965758361
8.999999999999897,19.616427510935104,-4.162314995287761,56.9339729536385,0.5774195218828497,5.770579898989876,0.0,9.189300737252665,5.357448864297238,2.8614671432897776,0.09989033486677393,-0.1848847996106181,0.0,422.26484718924604,420.56445069429503,421.2957801395854,421.1489788160988
9.059999999999896,20.17325689258754,-3.834558461231575,57.098322229495096,0.5835945082431984,5.759247601056714,0.0,9.371822975180484,5.567346873780135,2.6161473650600575,0.1083654296264612,-0.1983395552430272,0.0,437.70077264734016,436.5435169519318,435.62001573130215,436.3378136167337
9.119999999999894,20.74216500043055,-3.4932525128019223,57.24938504190286,0.5903918147140166,5.748237702020678,0.0,9.591705586731946,5.808807429434165,2.4180470789196753,0.12165469123768147,-0.1637959167082451,0.0,456.9516316760718,459.6654790115771,459.8601472041761,460.9228659826607
9.179999999999893,21.32143105430265,-3.1402296492601964,57.38440303343823,0.5974662964473048,5.738402823084574,0.0,9.717500943373585,5.958629441706157,2.082705840957551,0.10911168332123085,-0.1641528476318466,0.0,399.85558127366033,399.79414529436235,399.9786332763217,398.84822565838044
9.239999999999892,21.91156037287017,-2.7752109406272605,57.50374415231071,0.6046211510514645,5.729114523259826,0.0,9.953128677729378,6.207853771763815,1.8940540956415273,0.13424104293918102,-0.1407095082900642,0.0,466.83082994897745,468.63547732339214,465.2904885627602,467.26616287103064
9.29999999999989,22.516787128857306,-2.3944418763089885,57.61288594187694,0.6128334533549431,5.720551985243304,0.0,10.220423601846381,6.4834787510315435,1.7423040700252106,0.1416678391978444,-0.14703652358985927,0.0,486.7212552919357,486.23022602329604,485.85841081700306,486.43065025846334
9.35999999999989,23.134448205588257,-2.0004917876786723,57.708102016555046,0.6212957808328543,5.711707511559121,0.0,10.368359595570796,6.647993666609573,1.431409998570737,0.13975158823567654,-0.14816024180495344,0.0,419.35247266266464,419.23300385936057,419.6204522820696,419.4737848935465
9.419999999999888,23.762256736923703,-1.5955779430174029,57.786215377543094,0.6299138071092223,5.703370241780945,0.0,10.55835165529662,6.848609126800841,1.1716790178936118,0.15043802558151814,-0.12502227753436274,0.0,443.4663503180606,445.3454057751709,444.1501048171164,445.0452273540143
9.479999999999887,24.40192783509714,-1.178264038196082,57.84924740881694,0.6392988886267874,5.696084433638616,0.0,10.763568695538332,7.0612567841096,0.9285393393145938,0.16627442513943075,-0.11507670915756972,0.0,454.0871431991627,454.8716145301758,453.5137333617136,454.80688279037025
9.539999999999885,25.052928372019814,-0.74910673108994,57.89645330594979,0.6490984117124423,5.689342901802583,0.0,10.936163383332946,7.243607917385883,0.6445496882631683,0.15666681328869533,-0.10741678206665115,0.0,437.615655738145,438.24166393469267,437.54156118105146,436.76642000615084
9.599999999999884,25.715853142732072,-0.3076294206756831,57.92845016066827,0.6592582490667489,5.683030454887742,0.0,11.16059566676105,7.4715298539996216,0.4209391574770749,0.18697515541461865,-0.1011224706085335,0.0,467.8496877572307,468.33065350757715,465.8277835607931,468.21801600914995
9.659999999999883,26.38975959097779,0.14528288838672718,57.94412753334567,0.6706288001032688,5.677091953463773,0.0,11.302773194713643,7.625341444936497,0.10152256950812326,0.1941416140126441,-0.09499613679024937,0.0,424.57640522023894,425.09303661641576,423.5153433554602,424.1683741126808
9.719999999999882,27.071488646478084,0.6067810440508277,57.93986301210273,0.6826454262916455,5.671288778642573,0.0,11.4214813821583,7.757850409299021,-0.24353155330377624,0.21034254608099556,-0.10040771431813698,0.0,411.7535282294485,411.2654075252252,410.1966132306569,411.6760708059323
9.77999999999988,27.76351152368028,1.079073724048672,57.918423767205354,0.6949891005243751,5.665824824036072,0.0,11.645012235837912,7.984402810326803,-0.47233011083723475,0.19439862790180304,-0.07697101875075274,0.0,468.71498704134547,470.5269627635839,470.8998967939004,469.7031684355377
9.839999999999879,28.46692375366469,1.5631398819103313,57.8810538744636,0.70650321089032,5.661577172210661,0.0,11.801593204053226,8.150741155740347,-0.7735940895299475,0.18638126004644268,-0.06066280422926044,0.0,436.16768173510997,437.52421741077075,438.31003574084275,437.67931030161276
9.899999999999878,29.180551699095297,2.0579398149620935,57.82653556468255,0.717583899317038,5.658111811946348,0.0,11.985239217037405,8.341978742382928,-1.0441963837733388,0.18103965545492687,-0.052499967296889424,0.0,453.0672385542202,453.72113788113984,454.7153469830148,454.3192415810513
9.959999999999877,29.905845717541364,2.5648221115117003,57.75651978368689,0.7283530920968992,5.654739241315717,0.0,12.190221224320615,8.553270144710858,-1.2904091495210999,0.1761891276093289,-0.06490827333369922,0.0,468.6380502352083,467.670074363901,467.771877040699,467.4231663848986
10.019999999999875,30.64171481295248,3.0828122236996056,57.67002185312626,0.739178109819604,5.650610673167094,0.0,12.338234906378608,8.712548063239566,-1.5930023586643027,0.18774764114668563,-0.07804548304296499,0.0,441.5980472651877,440.5087625777104,440.9087270224598,441.8946852038331
10.079999999999874,31.3882639073888,3.611999182602673,57.5672450660435,0.7504688480757435,5.646466181253075,0.0,12.545649249040117,8.925958748812612,-1.8338305687646037,0.18902665030459143,-0.05541097832357853,0.0,474.11721707394906,475.85044974852184,473.16670961078114,473.29725726329104
10.139999999999873,32.14431721182938,4.151273425734857,57.447160185248,0.7622379179434322,5.643632574783876,0.0,12.655832045528918,9.049576377530164,-2.1687453181013403,0.20752748478954033,-0.03450520887422882,0.0,426.7225683217017,428.5029191127152,424.8664901678252,426.48966803316205
10.199999999999871,32.90858419033493,4.699463351706111,57.30864895534757,0.7749084260976566,5.641729502463537,0.0,12.818839946489746,9.222757245270767,-2.448683609557751,0.21761109901792955,-0.026657418648156312,0.0,456.16825283730697,456.7944947025626,455.62402777726464,456.4724731519513
10.25999999999987,33.68037726314439,5.255966440419711,57.15128850390512,0.7882217472887749,5.640504392406893,0.0,12.907346258429438,9.327235437331844,-2.7962285779898073,0.22929211315511128,-0.010199060513790372,0.0,419.54174751969117,420.9691401842141,417.7117568007878,418.78170938199673
10.319999999999869,34.45810351930677,5.819360378231515,56.97380028254147,0.8019954374307607,5.640112278117062,0.0,13.016330995365697,9.452290725908679,-3.119862542276873,0.2300938778529741,-6.347006000539815e-05,0.0,431.1760278331206,432.03205914982635,431.7245433810147,431.8463132706752
10.379999999999868,35.24217356868435,6.3901203175103705,56.776854687271005,0.8155927939220877,5.639565926602238,0.0,13.118818502628823,9.572775698543879,-3.444744383761331,0.21859250091648622,-0.041493424216818175,0.0,432.5705497988927,429.0654301861748,429.91572307919216,428.9923760815438
10.439999999999866,36.034776943654315,6.9704558594413415,56.56272071016244,0.8290598064529799,5.637892917980526,0.0,13.300009547211289,9.770616837710289,-3.6938390625282387,0.23413330244177374,-0.009302720044117786,0.0,472.08963982008913,474.56797418653855,472.1436298355199,473.38807470828135
10.499999999999865,36.83746020663743,7.561926658849794,56.33301905959791,0.843269974989199,5.637229110136653,0.0,13.454945593560057,9.944202132391593,-3.9633767284295485,0.2417483465985042,-0.014840499463868185,0.0,464.34349697842873,463.9087545690364,464.14285303392086,464.79363102163524
10.559999999999864,37.647938833490265,8.16237326445554,56.08592824556267,0.858430855657935,5.6363085327766775,0.0,13.560296333718991,10.070129321864059,-4.27303443998663,0.2685313092817771,-0.016367249228055682,0.0,442.3534247068357,442.2277083628076,441.6464199108521,443.91447520460093
10.619999999999862,38.464756355725655,8.770426487915138,55.82038327181763,0.874303833452454,5.635857857625009,0.0,13.666143814783625,10.197688004199588,-4.578633602091336,0.2551041150935193,0.006023186738043926,0.0,444.8838054256491,446.7145370023029,445.5825749125889,444.5531219189131
10.679999999999861,39.28494298156821,9.383145730894075,55.53409653760156,0.8904143551020942,5.635974322702026,0.0,13.6735929514854,10.226532168818393,-4.963260359344509,0.28686378710453825,-0.00782084998707697,0.0,394.0459799164621,392.763176632204,391.5194218695671,394.546447578628
10.73999999999986,40.10985009174225,10.002010597363164,55.22843767150967,0.9075589273147218,5.636081838079146,0.0,13.821893117953126,10.401163449427665,-5.226156280745933,0.2834071189308208,0.016207213755832367,0.0,469.08019808157934,470.9434706804104,469.4225164755822,469.2321365853266
10.799999999999859,40.942754190061486,10.630489178952077,54.90635913902362,0.9251773112565145,5.6365686241269835,0.0,13.940382319173278,10.547238399464705,-5.5102403811021015,0.30872215210921455,-0.0176007340468686,0.0,460.55510875852,457.8716870132006,458.5339940972241,460.62522030114354
10.859999999999857,41.783241316781975,11.268294652787384,54.567696354960226,0.9434973335317949,5.635316617962001,0.0,14.074430961128092,10.711617841448604,-5.779420998320744,0.29753310174296005,-0.02836348555034135,0.0,471.76563408710143,470.9334040036049,471.7124305997473,470.9361979464673
10.919999999999856,42.63073680922724,11.914884991331155,54.21212748158411,0.9616504859020374,5.634118907597834,0.0,14.17432280134918,10.840284476443195,-6.073388946998552,0.31104625935640495,-0.0069728765489275,0.0,458.22497515058603,459.9233273103413,457.9287666939736,459.09289985296556
10.979999999999855,43.482436942997104,12.567281253943072,53.83764715048582,0.9801295991891843,5.633412909307053,0.0,14.215149425911477,10.905732699817237,-6.4091438503443525,0.3010477635263893,-0.02367999514745405,0.0,432.5738215158656,431.1637588407064,431.5624243911698,430.8169859484381
11.039999999999853,44.33752250235623,13.22463191980854,53.44381119455945,0.9979580111581576,5.632465230683827,0.0,14.286804071700988,11.004987594538807,-6.718938056317008,0.28790884987065946,-0.0034388967786291,0.0,449.480037734478,451.11856187159884,449.89660611034276,448.9194249966444
11.099999999999852,45.19704659635703,13.888103540625615,53.03158292592631,1.0156301759837145,5.633251657839203,0.0,14.362990973785232,11.109784135249344,-7.022166872976133,0.3052541502732896,0.03431893086097402,0.0,453.0281663923028,456.05602683195514,455.35133699945317,456.82288533982006
11.159999999999851,46.06087962499641,14.55762183603741,52.601095545687784,1.0346515736503044,5.63610807337407,0.0,14.430389739645024,11.206707411903603,-7.327509984750666,0.33374538729745956,0.06587715359782112,0.0,453.09679407240327,455.62971642930427,453.2437390453497,455.6280070736128
11.21999999999985,46.92702336895766,15.231074183801349,52.15124796577444,1.05456629878271,5.640619370681289,0.0,14.440588028822106,11.241565427177157,-7.666944278396859,0.32797946974083425,0.08924951012846588,0.0,426.08917774527146,428.08858412929334,428.3953215320172,428.0220110105392
11.279999999999848,47.797724578124686,15.911313164293816,51.68378894763933,1.0738470428161877,5.64654180321455,0.0,14.580559031368262,11.431508759029525,-7.915917023431076,0.3028704391931648,0.11293536562253827,0.0,496.4156773994304,498.158747570954,496.15372209669687,494.3989222386034
11.339999999999847,48.67469315698409,16.60063069235525,51.200147936693604,1.0916941230550652,5.654145186060983,0.0,14.65038159507549,11.545064747284897,-8.20543950851232,0.28352833254810783,0.14546075088558383,0.0,467.281185311548,469.8246107488894,469.34548182050986,467.9254699819518
11.399999999999846,49.55356512239792,17.294165607963112,50.69787805437799,1.1087712812575932,5.663230559423852,0.0,14.645003774034071,11.573090070599001,-8.536005433555234,0.28671160821804265,0.16125513222382964,0.0,431.34799597562045,432.7028212513323,433.35726275917466,433.7093037783937
11.459999999999845,50.43073483627075,17.987802959750272,50.17513855949412,1.1258393536994191,5.673290965315459,0.0,14.594201175678553,11.54903410402775,-8.887339780387672,0.2795666456871016,0.17812319569802948,0.0,406.744417575538,408.2828364761947,407.9893962026465,407.44049951513927
11.519999999999843,51.30748404802725,18.68353873733237,49.63317301916096,1.142616502254528,5.683646096795908,0.0,14.62968460524177,11.641918222342362,-9.177766048991941,0.27972367951558413,0.15823203223834406,0.0,457.63463605699025,456.0749110570514,456.7949759805286,456.88435494432053
11.579999999999842,52.183830013493164,19.381692122300485,49.072458497481584,1.1596041330614817,5.693076415257327,0.0,14.581870834101375,11.630506200756638,-9.511606569921664,0.28917451673796357,0.1549658138938446,0.0,412.25947181077777,411.9960603151734,412.2949298185954,413.21750837937367
11.63999999999984,53.05798452613362,20.08021699314258,48.492334112414056,1.176660549977333,5.702695007362166,0.0,14.556227731069491,11.65387938772525,-9.82509054787078,0.2720582406643483,0.16927821176230848,0.0,425.7453470225341,426.99447851137927,426.6347093617942,425.2551280613184
11.69999999999984,53.9325706924024,20.783092659911915,47.89475843802048,1.1937475426674542,5.71320418230348,0.0,14.59526045232684,11.774604239096279,-10.093974645558234,0.3024744607909832,0.1848630904080356,0.0,465.5751145985183,466.82142297154854,463.7321395129365,466.1936062013884
11.759999999999838,54.80902531238622,21.49279241208172,47.2809575018667,1.2116621475783527,5.724461210386984,0.0,14.618562733266174,11.881438270456,-10.365961051716553,0.2893734024322405,0.19261616190259034,0.0,462.95276968206576,463.5953738751354,461.2587591848234,460.309354546204
11.819999999999837,55.68662582532999,22.20880087617072,46.650870016940836,1.229074718289061,5.73604226988015,0.0,14.633517326647464,11.984948147929959,-10.636786822555106,0.29182746422516026,0.1938075321174811,0.0,461.592359873709,461.7212244061896,462.7315140923113,463.00663848125515
11.879999999999836,56.56428901394135,22.93000285413537,46.00424834820286,1.2465683499882454,5.747471115808786,0.0,14.620974963363006,12.054834492788217,-10.916923251929775,0.29102260334582797,0.182835781097883,0.0,452.04151516575445,451.1904590956676,449.91108707334104,449.93111647518344
11.939999999999834,57.44094555091366,23.65523042023244,45.34085140284255,1.263639503544705,5.758087925039163,0.0,14.600026040284046,12.119068727812195,-11.195969421931727,0.2665688440042277,0.16133910254666423,0.0,449.76665229055305,448.0504129800567,450.95868828230886,449.0578271866363
11.999999999999833,58.316047152020104,24.384027507769368,44.66071923247635,1.2805836908599835,5.767849344652646,0.0,14.569272702130075,12.17379591224246,-11.474706766500445,0.3029709461370945,0.1652610478855411,0.0,446.08926100899623,446.43470545091776,445.84252702830184,448.8870049530746
12.059999999999832,59.190383218824614,25.118129244030662,43.96455000488786,1.2993645469677002,5.777368943422644,0.0,14.573777591585097,12.294913791702937,-11.731181324127974,0.3278841300838618,0.14027842776141805,0.0,474.45252028487045,472.5509371202194,470.72863558751607,472.746613575933
12.11999999999983,60.063115867416194,25.85645398381278,43.25217563278632,1.3191158464770263,5.785952715104704,0.0,14.516643982036664,12.3153657446919,-12.014436700495835,0.33167008406144366,0.14811392697808035,0.0,439.1590407652763,439.8282732125831,438.3618508539828,438.78922713188666
12.17999999999983,60.93191815519337,26.595236745518395,42.52267655227014,1.3402932447604403,5.794660537880013,0.0,14.442899359930127,12.310323796858526,-12.301959459631258,0.3777458049207354,0.1383817934193583,0.0,431.13039190074153,430.3270202383159,428.7072045332116,432.73541689842875
12.239999999999828,61.795589259617785,27.33252729181385,41.77570835191217,1.3627066320269305,5.802510718924708,0.0,14.345799349873968,12.265739124984204,-12.596697965845141,0.3635226801954304,0.10815082316129475,0.0,418.2595521111345,415.63244414318245,417.16186339313924,416.07124374686197
12.299999999999827,62.65797793071453,28.075754116267866,41.01291100451098,1.3848034453867877,5.808937210742421,0.0,14.3978577244242,12.504531476850824,-12.831292461678458,0.376388582086973,0.10493879395004349,0.0,516.875331656961,516.6570612811277,517.4515328210996,518.4756349775955
12.359999999999825,63.52149774408086,28.829688481742572,40.23523808910609,1.4077761867809597,5.814735431198521,0.0,14.384357170598864,12.623798497127385,-13.091956037261385,0.39340835312490413,0.06970613326241978,0.0,488.307777174263,485.6770301955731,486.76105580815846,488.17084710051375
12.419999999999824,64.38090097497953,29.584416460547068,39.44083438380345,1.431498486918401,5.818798186245587,0.0,14.2621935802682,12.533212374014486,-13.387904720445853,0.3990227353395511,0.06339581782143189,0.0,419.73800498681106,419.1932338750138,418.7271421383807,419.38809938397856
12.479999999999823,65.23219370370705,30.33212998727758,38.62852930421309,1.4550756848431448,5.822137180485523,0.0,14.114339788837084,12.390506125946098,-13.688405745287124,0.3767200348977217,0.03189925388899371,0.0,400.94652143989913,398.0741812163078,402.3272288920804,400.47840069974444
12.539999999999822,66.07636298410796,31.074716129568383,37.79869192009023,1.4773868550415301,5.824476613482805,0.0,14.023917188332746,12.360695875899616,-13.972811543640244,0.35975697891431196,0.05033713298241551,0.0,442.1621691878472,443.68057078789275,445.1692614705803,443.92036430128627
12.59999999999982,66.91567261420427,31.81661882480272,36.951934424653736,1.4986742848301864,5.826930288905384,0.0,13.95209061595608,12.367316668861944,-14.252475417304597,0.3423753748909724,0.004531617544676108,0.0,462.7064777815571,459.08386299233973,460.37819533312893,459.124409887381
12.659999999999819,67.74927018139373,32.556027642393204,36.08823050560041,1.5191479107280745,5.827824547668085,0.0,13.83420576598921,12.27868088172616,-14.537232631098648,0.33883295220674087,0.030171073971911294,0.0,430.8824848472414,433.04653311634024,430.64925616832403,430.473064223767
12.719999999999818,68.57676697665218,33.292036561150276,35.207630862370706,1.5393311796360791,5.829294594502372,0.0,13.748242429133347,12.253133898141698,-14.815877360076646,0.33100163866002275,0.009653741480795917,0.0,457.15604776861414,455.51690984864405,456.1486600877208,455.63535096923016
12.779999999999816,69.40036215648897,34.0290354715669,34.310441799261646,1.5590964149632143,5.8301857523935965,0.0,13.703510048127633,12.310325682266601,-15.090449702711204,0.3260647285439011,0.023623795771872992,0.0,487.7055073244813,488.7485443738994,488.29732786757705,488.02921078447656
12.839999999999815,70.21807070927338,34.76283837304544,33.39673308314435,1.5783101837904692,5.831125937543497,0.0,13.553605228861,12.149821845680883,-15.365813523351123,0.30484604688996797,-0.009235707370495883,0.0,419.922271469505,417.059217878898,419.9729364179628,418.23776628808514
12.899999999999814,71.02727600440616,35.48796105547222,32.466636750189444,1.596646924142683,5.83020955891741,0.0,13.419825064184911,12.020440295556332,-15.636735208626803,0.30709867712331185,-0.03146421713639308,0.0,430.00780302096825,428.1188503781948,431.6827643381333,431.97120903312975
12.959999999999813,71.8305040214097,36.209459033660444,31.520295145154705,1.6151547000124626,5.828460129024034,0.0,13.353305898862896,12.026731957875915,-15.907642694271516,0.31105406062764973,-0.024902566015778366,0.0,479.78143522569854,480.2796032212507,478.6018057243414,478.9925802400213
13.019999999999811,72.62819809026118,36.928103041554266,30.557900227496717,1.6336024276157532,5.826923652091715,0.0,13.236053590845431,11.926884050368406,-16.17161203508504,0.2991106164055861,-0.027057208981430478,0.0,449.27570442087887,449.10070244932314,449.28971618346554,448.4147250223704
13.07999999999981,73.41968578614285,37.6423858649492,29.579664984079663,1.6511337018715642,5.825056111644599,0.0,13.146032194790445,11.880556064343546,-16.43569093440951,0.272474275831016,-0.040845131418961005,0.0,471.62697668652726,470.5595811632074,470.49621850484067,468.5084318557856
13.139999999999809,74.20317542914451,38.348588275376535,28.586114363661306,1.6674405949071431,5.822382085679797,0.0,12.970777230636356,11.660418990855163,-16.68182634261155,0.27036221677654027,-0.05330144310230376,0.0,412.33151170784447,411.2270866159116,411.0697362026579,410.9635632641767
13.199999999999807,74.97945907893197,39.04819312811784,27.577320275979986,1.6832851981682388,5.818829120538023,0.0,12.90419319077577,11.65710329891134,-16.94398879557402,0.24698753774855192,-0.07494145080827982,0.0,487.9678339775514,486.3460373763842,488.1751075455132,486.48920938547013
13.259999999999806,75.74970534916784,39.74348557152337,26.553354534211515,1.6977020352837302,5.81433069628304,0.0,12.770555959333237,11.51896342226619,-17.187394778517437,0.22147894352328637,-0.07503835247968556,0.0,446.4660493903438,446.45376724135355,447.0356979097399,445.00695059540527
13.319999999999805,76.51241536291928,40.431415966238404,25.51482345555607,1.7117455876391041,5.80979318224936,0.0,12.65279437059458,11.411341819752515,-17.429477061635172,0.25161297983128833,-0.0768249069434791,0.0,457.46690372006725,457.32017422245684,456.9714745132003,459.4210844332295
13.379999999999804,77.26652578803174,41.1099189365579,24.462337044238176,1.7269113320560887,5.805997594651059,0.0,12.48449561857666,11.206134542317576,-17.652653094800904,0.25496291050128633,-0.04472625426360384,0.0,422.7164181954752,425.47281528678565,422.9079423958366,423.26431806280266
13.439999999999802,78.01262644264779,41.78013124577363,23.39598695404253,1.742859218749203,5.80352025389535,0.0,12.384731925082907,11.132803588667263,-17.89161388926151,0.2815416132894187,-0.03517627894324396,0.0,469.971143684485,470.71064095295344,469.16690925666893,471.2937783967551
13.499999999999801,78.75122616037966,42.44309140278235,22.315894852310688,1.7596253858406037,5.801299518774535,0.0,12.235088998803137,10.965772408540424,-18.110799500615556,0.2748642475601942,-0.040962263003292344,0.0,439.76330241476495,439.28262950509844,440.7738577285004,440.3009268232202
13.5599999999998,79.48042855883797,43.09529388760828,21.222924723149383,1.776181907078989,5.798665147827624,0.0,12.071666029356031,10.774643877852732,-18.32089537866825,0.27801012409530956,-0.05055967855708758,0.0,430.7798196776432,429.96546799825484,431.587144062374,431.9322989372558
13.619999999999798,80.20119274450694,43.7386362924546,20.116939676401707,1.7928950581113643,5.795441208584819,0.0,11.953036057245265,10.668933313901432,-18.54455675055479,0.2796133302460601,-0.060979745845314695,0.0,462.4906867490387,461.666638962207,462.12666778013056,462.3284070252627
13.679999999999797,80.91460480595705,44.37526253294686,18.997712409235564,1.809744504881321,5.791628924815214,0.0,11.826621886516968,10.550928627127812,-18.762311709174828,0.28313657313729823,-0.06921763118516461,0.0,461.71780038247374,461.06399147490936,459.3557328616456,459.71232414081265
13.739999999999796,81.61991497317587,45.003947983735756,17.8657253884334,1.826502368402009,5.787061267508852,0.0,11.683141669988869,10.404703703621673,-18.96992389122637,0.27025854150530887,-0.09584573860357616,0.0,453.62750107800707,451.4772084142298,452.89162459501244,451.9309085339844
13.799999999999795,82.31704311940021,45.624727003770545,16.721161194929635,1.8423393304255526,5.781141859213346,0.0,11.553632870160463,10.286988414619923,-19.18147446189063,0.2467676358761037,-0.10496756738912856,0.0,465.4958980063754,464.7729014326439,464.17085548303186,462.3883123019823
13.859999999999793,83.00664408892058,46.23898095969902,15.563856592163877,1.8571881311438077,5.775062702165648,0.0,11.432157341102089,10.1871211182634,-19.394545921245715,0.24886515138242407,-0.09487669342183422,0.0,472.53754990018376,473.3073019360257,472.1932478644327,472.4125612466638
13.919999999999792,83.68804155411274,46.84578882830752,14.394300850318652,1.872002002303125,5.769579540998613,0.0,11.280584416150846,10.039690004593348,-19.59000828082006,0.24265008503887592,-0.08519108050811425,0.0,456.9692277486864,457.7346482047555,457.55340364633486,457.1169832818066
13.97999999999979,84.35887064011499,47.44141588687412,13.21387174842647,1.8867917389671902,5.765213456772216,0.0,11.08062021233451,9.815893625164405,-19.757269325700108,0.25323766851850105,-0.05535287045096502,0.0,426.1601983897901,428.701147087799,427.1413651530301,428.1075622178871
14.03999999999979,85.01819698134811,48.02462724708774,12.023230008535506,1.902242767465932,5.762139795867217,0.0,10.896842862097918,9.625198192646424,-19.930362652289737,0.2649213684997576,-0.04404552794918133,0.0,436.9661968447625,437.90705163970404,437.03208234720023,438.0734359276438
14.099999999999788,85.66681913978157,48.59709966370292,10.822090079221232,1.9181590988763517,5.759663170842925,0.0,10.723543445291838,9.45746770023305,-20.107160322628165,0.2659632096806729,-0.036248266071273114,0.0,444.63671727624165,445.27481469785494,444.8196741134361,444.97592911143323
14.159999999999787,86.30551181348342,49.160438741362526,9.610115423233895,1.9336371197580728,5.757456543129974,0.0,10.565564328083012,9.320254561184312,-20.291427696182613,0.23292844727961567,-0.0378561500370259,0.0,456.8059478252854,456.6770061950682,457.0865421945611,454.50731919949425
14.219999999999786,86.93641132685416,49.718419305488666,8.386089243891503,1.947908822818441,5.755303610097437,0.0,10.462973012898244,9.27745116488284,-20.508475256461768,0.24623486691309535,-0.03220162111773256,0.0,491.8278484088913,492.2464289368156,491.4797520217469,492.51612251813066
14.279999999999784,87.55828226101539,50.26939734602364,7.1508711926723185,1.9622882800994468,5.753348253680599,0.0,10.266043963036427,9.089398138056362,-20.6651854869822,0.22139479545562493,-0.03337591698947615,0.0,439.89615999494924,439.7983955516905,441.416620461192,439.4169869259612
14.339999999999783,88.1676995584331,50.80827823258022,5.9067245489086035,1.9751583557221402,5.7510283377822695,0.0,10.048282421877632,8.874967630175775,-20.806289336046927,0.194893290579529,-0.05219065424226547,0.0,427.80851338420075,426.20077696705783,426.70725041515504,424.4832191570032
14.399999999999782,88.76573938578969,51.337137912601726,4.653050614463476,1.9866676501229534,5.748033589926687,0.0,9.885944637076456,8.753980480066623,-20.982316968377337,0.1848480302399901,-0.04570781266233171,0.0,460.54698258682475,461.0585130339678,459.4990476961546,458.73567468310745
14.45999999999978,89.35327637739132,51.85775877413876,3.389383303281503,1.9977373532108,5.74584020616493,0.0,9.698613115093838,8.60103695110594,-21.1396380302695,0.1837807030429018,-0.0226773176039198,0.0,444.5016438466568,446.38628402747185,446.7580542156384,446.70372551279905
14.51999999999978,89.92908257934229,52.368649858139385,2.116676826853807,2.008770654068204,5.7449921842463105,0.0,9.495186734038432,8.42999055159048,-21.283768658277886,0.18410244255008962,-0.0009727948260759159,0.0,435.27542936000566,437.0900791042049,435.4918501213753,435.55230582110994
14.579999999999778,90.49239726152096,52.86902567707025,0.8355928001887547,2.019683561155034,5.745024926455811,0.0,9.282378660904348,8.2506769535643,-21.418974231783952,0.17703095489795662,0.0034220022645118572,0.0,429.04979809451044,429.42316397021943,428.4293572513916,427.86036879461784
14.639999999999777,91.0448494180504,53.36168891704476,0.0,2.030087457516922,5.7452022686115285,0.0,9.132039180000225,8.171224352765655,-21.597584492093393,0.16492284379646235,0.002006333528684499,0.0,465.9037553103624,465.7928853597509,467.22134560541974,466.3026461112612
